143.002 38.25
158.75 50.625
157.48 42.525
163.83 55.575
165.862 48.15
156.972 38.25
160.782 45.45
166.37 63
163.322 49.725
158.242 44.775
159.512 46.125
155.702 42.3
151.13 42.075
152.4 49.05
155.702 48.15
163.83 46.125
152.4 51.3
153.67 47.25
153.67 38.025
165.862 44.1
155.702 36.45
168.91 50.4
166.37 59.85
140.97 30.15
143.51 37.8
160.02 37.8
151.892 51.75
156.21 38.25
158.242 47.25
158.75 50.4
136.652 30.825
148.082 41.85
151.13 35.325
135.89 36.45
156.21 46.575
143.002 37.575
146.05 43.2
156.972 64.125
150.622 40.275
158.242 48.6
155.702 50.4
149.86 41.175
158.242 41.625
152.4 47.7
138.43 33.75
160.782 51.075
163.322 51.075
153.67 50.4
156.21 40.95
156.21 52.425
157.48 41.175
154.94 55.125
142.24 32.625
154.94 42.075
155.702 38.25
153.162 38.7
160.782 48.6
149.86 46.8
156.21 46.8
130.302 22.725
155.702 51.75
147.32 37.575
154.432 42.075
163.322 40.5
146.812 42.75
165.862 53.1
156.21 42.75
134.112 28.575
161.29 66.825
141.732 33.75
163.322 49.275
143.002 34.65
141.732 33.075
169.672 63
148.082 34.875
151.13 45.45
164.592 63.9
160.02 44.325
142.24 32.625
138.43 33.3
130.81 28.8
162.56 50.175
160.782 48.6
155.702 49.725
149.86 41.4
143.51 31.05
156.21 46.575
149.352 40.05
160.782 51.3
155.702 50.4
149.86 50.4
147.32 37.8
156.21 54.45
148.082 47.025
157.48 44.325
151.892 38.025
164.592 50.4
146.812 37.8
140.97 37.8
148.082 50.175
159.512 42.075
152.4 34.65
168.91 52.875
149.86 42.75
144.272 44.325
144.78 37.575
155.702 47.925
167.64 65.025
157.48 52.2
154.94 41.4
161.29 48.6
153.67 47.25
153.67 39.15
146.05 40.5
168.402 52.65
152.4 37.8
165.1 53.325
145.542 37.35
154.94 36.45
168.402 59.85
146.05 33.75
175.26 50.625
151.13 39.6
144.78 37.8
151.13 37.8
148.59 38.925
168.91 50.4
168.91 50.175
168.91 52.65
180.34 66.15
143.51 40.95
170.18 59.85
160.02 49.95
149.86 44.1
156.972 50.4
142.24 39.375
152.4 40.05
182.88 67.5
139.7 33.075
163.83 44.1
146.812 35.775
168.91 50.4
150.622 39.15
145.542 34.425
170.18 57.6
153.67 37.8
135.382 37.8
173.482 60.3
151.13 42.525
167.64 47.475
159.512 42.3
163.83 53.55
162.56 41.4
162.052 50.625
168.402 47.7
170.942 50.4
172.212 57.375
148.082 41.625
173.99 51.3
133.35 36.45
149.352 37.8
151.13 47.25
146.05 45.45
167.64 50.4
153.67 50.4
156.972 53.1
160.02 40.95
153.67 53.1
176.53 77.175
165.862 60.525
168.91 50.4
147.32 37.8
145.542 36.225
165.1 51.3
151.13 37.8
164.592 49.95
156.972 50.4
149.86 44.775
171.45 77.175
167.64 47.25
143.51 37.8
150.622 35.325
153.67 42.75
172.72 50.4
167.64 48.6
144.78 41.4
157.48 45
147.32 36.225
156.21 48.825
144.78 37.8
139.7 31.5
168.402 50.4
177.292 53.775
165.862 52.875
156.972 41.175
166.37 51.3
160.782 51.975
146.05 38.25
144.272 37.575
160.782 50.4
154.432 43.65
144.272 33.75
159.512 44.55
161.29 46.125
156.21 63
164.592 44.1
154.432 57.6
128.27 35.55
155.702 41.85
146.812 42.75
162.052 44.325
156.972 46.8
148.082 38.7
170.942 53.775
167.64 50.4
161.29 44.325
161.29 48.6
152.4 52.875
165.1 50.4
152.4 42.075
165.1 54.45
156.21 36.45
180.34 63
167.132 67.725
158.75 37.8
170.942 54.45
152.4 47.25
157.48 40.95
167.64 50.4
160.02 50.4
162.56 52.2
143.002 32.4
139.7 32.175
164.592 57.6
162.052 50.4
139.7 34.2
157.48 48.375